$ANSIBLE_VAULT;1.1;AES256
35616462346535306238643731373130363530663436663963313461376636623137396539333662
3230316635383735623634623734313061303539326130650a333230303366353764613065373035
66303962653364303132333263313731323839363563306563646565663739646434303135306266
3437356466653665650a626338393938323065363866393531653235366561613533396337323264
39376331383566363862333366616338376335666164383161363733353562393238343331616262
33663738393632633334636234363433343030363135613565653832613437613732666166616262
31396666333636646664383964343835646636356133663936346632353462343038666335633964
31313038333663353565646362313536623165316438646433353139363936313661663539613062
64643436376439646431326339643130333334353063356235363131663234376333383065363332
35633835623136663837363964613662343131646139643939363436663133333764613433633235
33303531383438313336376166633238623562353432376465623263366633336535656238643738
33646336353463356236353735323235303137646433396433626430663964343337373865373862
66326362303931383732616337613466333935383562323730653531623239623730363131333039
63323439313735333236386130386561643038303335393862633230613666626265613337636638
30636165393762373538326666363161353639633165656364353934626661636532356430643139
30313833376138343530383131336532363338656132633039616538373265623030313635646630
36303236666163373032336463356630343935646363636237373239343633353131396332306331
36376336623735336334326338663134316464383539633065353937616563393132393432353562
31393533376533363763386433666566323166323164313534323839343639663032633732616436
37623530366136666339333561636664303037323138333036643935383030373831303736303330
35373933363362623435353732303030666462656364653839646561346137363433333631373036
36666330633233356137663136626664323061313830386639306565383238356139633664353235
63373833376637333764653162353862623062643736393036383762303635616262333737643064
64646130393366663963363062383664353664613737356539633237346562383333643939336335
37343039356533306633383033653934663363653932616231326234613137373730613763373231
64616430373966336364666437363330376531353835306661366131393537396134376430333334
64393161633564323562373030633861373161343030356263313663636635363434363263663062
63656166303930316432393635363539376166636133313839313038656131346435646664343065
35313265316237643463366463323161396230356563613061316138373463616639613235303332
65623566393133613666333938363235363763336137663665393263653933336533326261643362
34356331653937633062376134343039383464376338303333383934376334323631356432353638
39336331636333356633343030663864666661346664343434343462353162633432323939336465
35326437396639663663623163373765373761383864643031323134303332333166316636666533
37633636666632363536396563356632613931636539386536623536623230393863313736316330
31616537626334373734316238663533616630653861356263386232353166306238333136393032
33383430356237363763633231383435663133376134313138646435353437383636376565616166
66633936396337343266313538313837356462623764333532623435646237336465323033383633
63363439636663633039663361626166643166386337636231303365313165636332393731393939
34643162343835323438356639666135326130316338633235333938373234646565393965633433
33646530343036373132353737313335336431646665386239303439646637343534663238626561
33313937333132666336376564313264643335373438323239346630623962343463343336383364
38386662316231376230336438643230363362363339383333373463346236363263663138633732
37373864343536636131636636316162336639643937643332306537373662363231366335323061
62653435633764356539316536633365633530393430393566356162303638316431653661633931
33643738666231643565343736663963373961383036393236336230353633666231633761353935
30646438663930326664316633613261383262343162333566656137343761323236636630306637
62383133316664616265386531343933643936303762353861393039623666613137353339323430
31653336623862666338396234326639656562356338653637633464316362376264646135393536
32373361306430313536326261623630666564373339643064613462656261323836623538613133
38636437643538306463616435313836643163343939613861303865376235313635383832613963
38386261313934333533313132353966616336623639363939363732666161346466323363303765
31626135366361626562633435626132366336376334323837333530316132346433336261346661
62346632636339626266303566623838376135656362666532366666383334396534313730373538
64356537623662366435623039323638343134636164643963353166386337323831623432333935
36613965353632663135303165356262633666626665383566326432346332323137336363626133
35613733383836323231336366633066316237343338383337386337386634356164616163353962
35393832613330613830663237333466306338313031623463663932303439643332366135323536
62313164386533333663383234653065623437343039386362646232303766303430353436393464
61373136613434373339366361616366613664643937373238313365636361356162376631373730
36616337306666636365356533316235386236653131656234346466356539623131373334663134
36323236363432336236383938646636306163363137393966643066316132346136386639353936
64363030333935396639383062306231323866623266363935393638316565636264663636393362
32343930373462313630633438336432366131363239643133656339353563666235346139333435
39366531646431396130623361396562336438303633636534373966613564626539393937363665
63363232623966396663636561343134343265393339303230356266366534633366663937383231
63663031623235613632613335643163376466343564393239336561643538633565396661313735
66393131636661343661613637656166313764356361363031643434303338376564383535333164
61353936623038353534653836303834393230346463393364623330666233343266333465613732
31656133323764653730383364386662386337333339303464646639663530636263666430643562
61346430653935373635346439396264613461303234626230313064316639333734383034666632
35373666643330393166323961613265633032366330613431646635333364663835366136646364
63386161393666343762316433313539376461306232373132326131363934353032326165643364
31626638643033303434303134653933313239366531613138653465636234316435616230666263
30623766373862306231386333646139636137346633386237626563306534656538636330393536
63376535616431306137396236643031376638323931653631366134623936393033313461353135
39326566636432393463363061323164326332643036316635613963633764366662306436623266
61643438386630613736326536633336393039306164346137343666653938353234306138313264
61326661313236353139336330306362376662393536303335303363323037656361326336613637
37336366633633613263333064313438626565346162303665363262643839326433333539376532
31363737643162343564613738336466633932626135373032393739313131363530343538366362
36646362343131356138636465383865353639643135633138326166313837333731396135316365
39643339653730356666646233616531376132323830643530363035386437636162313137303335
65313664626661623035343865323636363666343533633633383666616439663163363036336334
66366365316165303761626536343363653935353838326234346433653539386363643661646566
64393136353662356431383466616536336530383330313030613530386335643666303664613535
34393739363434383534316632383938376232303933393138623331363464353361666232353732
64316436636533343531663731336635623564666439323534373865326434623639636664373334
65336664626562396138636237643035636339666635666631636162303538623462333234356165
37643665306232643262393138613733303538343736323938326532653838613330336130316561
66343831663062626131353433653731336163633437613037383331613162323030313761326335
35383838323765313761336133396134626531393066373966663230636433386533366637303564
35383861383665373162643932333536323730373034356663643134656262646663663862323064
61376138366364656637343036343331666666323938343864313665326537366631353166633463
66666462626530386432366261616438616631313365313437633334323062633966336232633830
39623839393032656565393739613961333634313933316361343536656434653735373862346639
39366430613839663966333530666339346663346564613165663663303030303938396166633938
31386435386562383636663161353161633363623034306532663062626464636130326438346261
63643734386332613661383233383166383861616261613834343132656433656632633266623234
35626232333262336662303861623666346362383636653465333332646463346365323433633431
39616339643539306464396563633161653530373737373032313861376337633334636262393938
33343561353963383738663437653832393466313930336135663434633734613539393430323062
35366334393739363863653035666163346534396231336535313666666332396433643938346435
36373166633239393631613439303765633933343137336434613364663430366436366262643531
62336631613035616436616434633038666461306635353339646338643131313833663530656165
30313461303366323131346134366533396339386432333731623835323034353865663635306339
35333838663538323536623564656630343639656138356534313938666638616438343430363935
66313237653431356331623834393361666534623537623330663432333265666537646237396532
30636264356637383033663766336161353866663737393636636263336662646139616435623961
34356634326465356463356334323632636230363766646635633735666231383362333565333437
34313662363766376264636363356230353338386233643238366434636238376639356432356239
66613236366437313335346462386534396261353236303832653033623638346232646366356363
37346539623735323861326566313435396131393663636231303334313138326437616331636266
62383939313232643664623132666661396566613832313232646335623361663763373136636363
65623563393466633233383961666530376334343166613432356336663632643633393833346538
64376539303335373833613035356263623065666437666538343538303266353036386162316530
61303063336364373264383937376466643630306331336634326132666363393064633732353238
31343635663330663531616330653965636334343230343461363434623734653633626439656533
65386536663961663532303065316163393631626431366532666362393564363433343831313332
37626364383139616333623937376665616263623535623538373965346263313335343037663035
61333065363239306565393238316233316630373866613339663333383335653266626134303331
31363636663133343735386338343535623132623331306235346634636436623562313034356562
33373532323238653533306339383762393838663536306464383366663735653062316438303034
31633733303338396464383764623737396336363239663530313965366339356231383362626534
31633933303332636166663636626463396665656163653232376532383263393765316430323832
33333566663530356531656261643035333532366661646365343566336262393763303231363730
66646230363935303562336338373666313837613464323031356132336362303362613761323161
33383064623064613163373362336539643131653063653264316566373139623034306430636465
64653539666161393964303766313566626562396463373663633530336635373566383833363866
38636433343333646364623239396461653761663732613165316632373963666564623461643937
66303866356134346162623232616462653931356134616561623631323663353635636630333364
63643030313834356261393539633261386466656463653538326462353832393435363965303161
30646533386232323133383438646533633464386431343536393033626135653136303732323435
30303262363038626661306532646433353038353663386265656238353537376337663437376136
37356262633335616435363036656333613461333537343031626336643836626262393139386139
62383536646165633964666132303933383836633230363565366238376235373364653666306166
32333031356666363163343639663565306136373931653363393133613562623538303531613532
61386566356236346230653661303632353066393831383430656433373230633031633733343137
36373730626633313463656366386565343634353561346462623436333632373464376430366532
61663963396238326664343931363165623235386565373963666264343861633262356433313164
38303632626437343932666462373136306262646365306533663033303333663336376538636335
38316635326266373138313136343864353432356533316539373962666239303033643536653563
39653264613432336461626632333562643732393162646666646238386631613034616133656634
64343664333365396235353763643864663633663162376361333330343364316666616532373961
31353533663537363733373435653665343737343536346466326538653238633339623533663633
39376637333463616666636331316665333135656131306665306432346130626466353562346233
32363764343832383861666139316432306435386534623239613966333965636166663462326637
32623437306236613832383632306632343939663936333765643238396233633961333533653865
33653531633131386639633266343835333164626334353030346138373631326564366330323130
32386562643363366264653431346563633863363566383266653364613434353562613430663862
33313233343134303933373866653261636433633762313264643133356436333437663939333035
30336339353532323161306464313166373561383062383131666164303536373961386530386164
30333832316230656466633538653938643435353835366566303365336238316138306137636533
30363937323634313439393239343965303838613632643162653134393333623762633563373731
30636461653430373264323662666634613333376163633039323834623232613335376238666163
62636133636464326664633639343031363063636136326665343139343432653236643362366238
37643037393337616137383238613963373339333539383232363230333639373964393766373166
62343032306436373937626232336535376632616661393834373131306430616433363632653338
39363661366633626233366336643934323439303964376266646431333131396232343764646533
65343563643731653839643363393830383735366430323965326563313234343530396339616365
30376161303832376235623138666266313030343834306262666165306661323066343333366337
32363335633137393036336366626631353962326233396466346430336630343364376564323530
34333766383038613465303633396133303235643636656462636638326432633839396162633932
35616137306333663136666132346231396666663130343131653836386261636537373135323366
63636132336538643531343930623935363561323937346130376530666562386438303161373636
64323961633663663666323061383038333231393332326565316334333235353935373063393265
33623230643636386139376635386564313537646563323365366339613032653662633936303138
30653235363434623963323231623139636532323362356161636362393330353939356132626631
30643465306135343033303332613833313736306262393866353133383566343936616331613564
30336134383735393565633533616339336332373835346636356366366337626433616165633534
33343438663736386439346439346534343033623538303562353866386637376131623662313536
62656462623836343638656262633266663132636266653362316131396531343361356263326133
39306135623561653661353964623336306232643731303764306362353265363433343638653531
62383431396133316463376661323166363366333731326566623139343465393836376236363033
65386532623237666532323039366537386663613664363037306136613032616237323261346133
33316230336636393163356363623639363066383630326438333136313537336339353535396636
30343231643961306362653433336530646466663062326466643839633132613836613032373062
64623738366233333262383938353837333032326537336365336233376639656133646264616635
64643731396433663734333135393664333833653438306139613235663366643761626536373962
30363732323164656162643037333166303139323561376531666135326139353166313434313363
63303834316433653431656564346135326433623162383736333537646331653662636537326330
63373931663938643438396239626330653936386363393965353637646230636339353237333937
66653364363035333231366234643863353333313034613031323161353065343162656564663862
39323965623066653862346165376130363831623062396465343665366331643234306566646332
61626665643865663663376666386439306539303738346431303239383565646232643031363562
63343635636164303939633238343633653338393933653731326663373833336564316232313439
36303937386132336631623530363862663664643132373132326138626564366462306566336366
64653163636135393934336131653231316632663466333866346335636564323866623063316561
66663237303538393031636636646462663432303064353632313530353430313930366261363937
62613762356637343463373166373435373431643764336333343064653963666437303465313831
30306466313234393131653736333637316462393432653637356636616232323564323634373237
62366266326334313438636330353136663462663835643533356638383065346436333732356538
36373930653464343035353138613934323635303737353566663039613437623362653465653439
30616264356636383164363738643665626561373665356461303936343466313236666433336466
62356239643639626530366638646335356162363863626366646532623565616636336562336562
31306165363964383462353537306635306432646362373233666536613832656362633131316631
64396461356263303434613332636431626534633133346362643364643465336338303630616231
38393030643631643836326431303933316335666632303665396165333761633764303135343463
65633934326464373561636233303863363537653037386536313535386532653931656133386335
39343137336634323335623230363361333430373961306262343765333038376662623633303038
32633964346238663138653739663939323432646632353866663736386531643734303864653863
33373338356139333036303362383135633533393166336266616330363835616539316239653636
31353137386339663237383036616132326335363937643135366661383231616133313938643732
61646336323162303964316362366433633234653238646264613762396566623565353038653563
38346232316135366132306537376430653237663139323236333735653931396433303339613537
61313765303738653331333330653463653133616138663131376135626461653235636138393331
39363631353565353266643831326533323466346262653436646565636633643136363131613130
62313130626235666431373433356262356233633362643664376132646666656638663338646239
61346236653261396236326463336132666262363936306366363063306666616363616631666661
62316539353166346335373439303539313835633931663063616138396461376266366439383331
33663832356234636664373739356435643064616338363462353532313938623766323633393831
38656133613764616565306638353133616261393365336363633763643035323161616433326538
37303931316638623461303764356638373338366236343962336662373338353834613637646434
35633037623236393062653731646431366264313034393362393334313131643233386235386333
61306137396463356535613465373861636437623839643837363666336639656661393461623037
65386339313335663032373763653334633630386166356531343533653662653834373762613838
31633837613861346530323138383932343966393163383533653963643233636266336231386138
35333766663632626163333434643930303663383231646238626532323465616562373438323464
62303232613431393432646335333661323466333138646332323733313563353561386362343066
33633066613763613064333936646137353539396638356235323434386635383237633965303964
62366464326338346637303364303864386365333764323333376661626234396231643632303362
65633738653730633534326232333139366639616231616637656261383962313336313035366265
65653331626630356533393832376565623638343634653130313932346365353861633632666265
37653434353162393031346632343435376332343332656434666565346330343364363436646662
62323532663639326461346265306431653631356439646634626138373932343964656266333662
34663230613033396435396631326537363562626635373465643062366666343666376332643036
66663637663465386533666166633736366435306364393266393737323236353237353538303430
61616539643337666134356134303837383465393261656635643839373766353963313439343233
62383537663265653863653031303332313834343237383666383764636464383166616362303963
37666166653333363964306535336231356538316165306335393635393439353064393332633532
34616362346630373563393361633761666634303730313532313236623431363739333563653539
30636332343731376662303534626363636338343461636231336564383030653064316435316135
62346238356337383263323634663034643863336630353263383534393330373963393161646439
38616632623837306537616330393131613539623063633761343036353134336336373934633737
31306338383731356365353933646365346164393239653565626438623861383930616432636663
32353436633530633362636564613638333164326134303862666361653830313166336362336232
61373334373133643665393035376534663734343230343462373362633737643837336439393537
39313365313662643530376666346363363439623735646163383335613235376333343639613162
30363235383639383636643235636132643833343138336433386664653235653533353238623136
37643162623936373731313565373431393731393735353935383263613031353635323036363231
36663431393031396465636135623932313863646532396531376661396665633163343535373164
33623634633834396637653835363963313864306563353761373330666630356438373638323764
64616663326631636336336166363165393661313136396537316433336136386638623634343632
64356339656530343164623462316662636535353238623663343437323736373436323435396432
64613234306333303565363361376566366261303432346339343034616664346130316465363266
66636462316231633661356131633336343136363565363961343962343133383362623261353664
61616164646639323539313866336338386639346166613830356132613936346663323365323538
39653532373635346533373333303162306665363138366636616364616630383633313037373461
36333236356332633962323839336434643239636265383238633133643436636663623232306439
65393330303133616231356632363662383865643734633365353936303136326338663164313938
65306632643464356436643562656235323835646434313032333436313064626562373735393334
32363032316638316334326536326437353534386332663632333236666237346234333230396634
38333261316364666664616630313331363139666662326466386564656437333833336263306330
37353736626661636330623738313937656134306564383837373635633863383631393435323435
39653231323831653661343164653137373935333566316432636266303030353962386661373565
64323130313130333465623664393561623339333262366462633132383737333538336536653138
37666138663930376564323831313831363364383633326366373764353530336433346339613839
63613561393033633862663864316232666535656139353230363666663639303864633633363138
64356533383436313964316262366266643638383263636635303262393135363866613765383635
39613131303936366130323966633261373038316135646338323736663032613438383634353264
62326338343530326134653566323464386636633032643665386136316135326432393766366638
35646262656264623661376534393262626332626135656334373162316333326565313933306235
66326432366161653830623334376135393532633863326663653732326636323663376430626565
66666535616538363630623832373234656164643165373437306535336663313163666361336632
62373331386237643735333831306134363164353362323763303766636164653436336566393963
38616461336161616265353836333032613737303438313162363732656233373466646661303537
36393231636235633938343039363836376536373935373634353534343062323863633634303366
66653930336430326637336664393830333863656564383063393864393161313765333665323963
34336231346531613736623831663931383530653539623762636639326135356131393165623765
64356266303037396136336263366662393934373033316632336562626266316139333739663030
65626266376332656262356438306333643032393262343466346263386231363736393730323634
34323734336362343935366464623263356537346532643464656164326665326363333430646231
66333334313233663063333737646263376338313635663161653437353635373734363833303535
32326534613632333530663035326238653132646161623239643937333936356537346432613430
39383634343638313866653766323830313664613730343963383234333965613832303233653766
36633466343934333135663165663162623131393031356336373066333562373536663864313530
61623531313735306332623363646561373062613732383265613738383066623939316665333831
65633963353134613637383663646533343766626563386531616236653938383263303662663063
34353966653639366430303466316166313837373231643739346631636633343665643862653964
31666531386532333464303835633331656161383863623162616130656666353639383530356330
31633865333863333332626331643832313437663061653231373035663637373434633831613331
64373430386439613630336662383032306430343264343736613663353736313731383562636461
66316136656239396639663136326433643663636264353137373865386663333936363034313332
34336537373237663936373763343438363334323963383962666534323439646439343334633262
66346162353863346166636433666234363031396132386335663533656537346530316261636131
38316636376462646135336433636636303062636461613138383439343730383033663939663239
34396631303937623032653262393837376466643436316334353832363237393235343334373363
36646131643538646166393639313732633735363137616662373533303037646463636638633437
35396238623264633439366466613934313933343832653661383830373866363961393637643137
65623961643338353636646161313038666639323235336535303138366337663764313062616363
62613765343333336363386261353162383864623032646136333232623039636362653339326431
30326664653331626236666461323035343139656139333763353535383761616634343432316630
35366364386234666534306435356335323031633637313333633438326466343564336232623536
38306239376231616431323131376334333862663938383564303164343161306332633966393331
32386538616363626532643535323336663735663462396432613866313062636366383763613065
30646662666531386236323764653066323133353532666530633566373737356164666439353632
32613066323365633864306366653162386236313338633939656336663139343630333864376430
62656139666532366636373039323732383466623735643032613831353130613431333130356363
35346333323361376364323237366630323864333839646533306131356532323761386564613332
36373532356466333433383762303336643738663062633135336664346462336637356335313335
66353430393265396465613436356638336239363063336435383436333236663635626432343865
30613339653331343235613036343230306162623462663139393138646334633861623833666138
36626238323762386165626634376365616437366566643863376538396535313566353666316531
35336237343734316635373766666664323731333639663539613335303665383531646361383736
30666231653239613063373930333262653461613966383564373336396333356261653734636561
30613131366561633434663335316161396462343365646234613532303864353433643732373264
36393866393730366465376363343939366333363936623064616434373639633130626433356533
31646166393762643131313362643361623938393932313033623261373265363834633938656131
61393734663266633662656430643531383635396232663765666630613963393734363630396635
65663738376230303932313833646538343464363734643039663066366461383830626431333734
61353365326466643834306264653736353661646339363232383138366235663333306434643536
35336633333230663562643638393032643136623534366337613238656130326261646564643530
37353432656365666430626662393936363631396662306162663139343931646433623463623936
37376236346230363735383735663433666366343234366461386139636130656139356634346437
36383066386366343763393065313563373862633937313030343138333239393135663038316430
65653564323535313266343734613037363762343436623662316333646136643337303462373533
39613961386635353534363165326636396234663030653731326532303733303733653531646130
35616136303561633536343061623134323165356531343238666162396434313235
